-5.0	0.0
-0.024999999	7.888628E-32
-0.024899999	1.3719661E-31
-0.024799999	2.3807952E-31
-0.024699999	4.122279E-31
-0.0246	7.121795E-31
-0.0245	1.2276603E-30
-0.0244	2.1115614E-30
-0.0243	3.623814E-30
-0.0242	6.205329E-30
-0.0241	1.06023075E-29
-0.024	1.8074767E-29
-0.0239	3.0745816E-29
-0.0238	5.2183325E-29
-0.0237	8.837189E-29
-0.0236	1.4932526E-28
-0.023500001	2.5176141E-28
-0.023400001	4.235275E-28
-0.023300001	7.1090393E-28
-0.023200002	1.19063E-27
-0.023100002	1.989663E-27
-0.023000002	3.3175607E-27
-0.022900002	5.5194394E-27
-0.022800002	9.1624546E-27
-0.022700002	1.5176138E-26
-0.022600003	2.5081153E-26
-0.022500003	4.1359028E-26
-0.022400003	6.8050285E-26
-0.022300003	1.1171879E-25
-0.022200003	1.8300344E-25
-0.022100003	2.9910864E-25
-0.022000004	4.8779283E-25
-0.021900004	7.937404E-25
-0.021800004	1.2887194E-24
-0.021700004	2.0877513E-24
-0.021600004	3.3746756E-24
-0.021500004	5.4427943E-24
-0.021400005	8.7588804E-24
-0.021300005	1.4064101E-23
-0.021200005	2.2532636E-23
-0.021100005	3.602042E-23
-0.021000005	5.745426E-23
-0.020900005	9.14392E-23
-0.020800006	1.4520424E-22
-0.020700006	2.3007155E-22
-0.020600006	3.6373341E-22
-0.020500006	5.7377804E-22
-0.020400006	9.031036E-22
-0.020300006	1.4182997E-21
-0.020200007	2.222466E-21
-0.020100007	3.474873E-21
-0.020000007	5.4210012E-21
-0.019900007	8.438334E-21
-0.019800007	1.31060144E-20
-0.019700008	2.0310533E-20
-0.019600008	3.1405712E-20
-0.019500008	4.8454344E-20
-0.019400008	7.459281E-20
-0.019300008	1.1457621E-19
-0.019200008	1.7560166E-19
-0.019100009	2.685341E-19
-0.019000009	4.0973877E-19
-0.018900009	6.238086E-19
-0.018800009	9.476159E-19
-0.01870001	1.4363162E-18
-0.01860001	2.1722234E-18
-0.01850001	3.277899E-18
-0.01840001	4.9354124E-18
-0.01830001	7.41466E-18
-0.01820001	1.1114564E-17
-0.01810001	1.6623802E-17
-0.01800001	2.4808758E-17
-0.01790001	3.6941655E-17
-0.01780001	5.4886355E-17
-0.01770001	8.136716E-17
-0.017600011	1.203568E-16
-0.017500011	1.7763509E-16
-0.017400011	2.6159154E-16
-0.017300012	3.843751E-16
-0.017200012	5.635424E-16
-0.017100012	8.24388E-16
-0.017000012	1.2032984E-15
-0.016900012	1.7524746E-15
-0.016800012	2.546636E-15
-0.016700013	3.6924843E-15
-0.016600013	5.3420403E-15
-0.016500013	7.7113846E-15
-0.016400013	1.1106938E-14
-0.016300013	1.5962209E-14
-0.016200013	2.288908E-14
-0.016100014	3.2749394E-14
-0.016000014	4.675327E-14
-0.015900014	6.659743E-14
-0.015800014	9.465414E-14
-0.015700014	1.3423274E-13
-0.0156000145	1.8993897E-13
-0.015500015	2.6816762E-13
-0.015400015	3.7777683E-13
-0.015300015	5.3100964E-13
-0.015200015	7.4474015E-13
-0.015100015	1.0421827E-12
-0.0150000155	1.45519E-12
-0.014900016	2.0273663E-12
-0.014800016	2.8182623E-12
-0.014700016	3.909027E-12
-0.014600016	5.4099264E-12
-0.014500016	7.470517E-12
-0.0144000165	1.0293112E-11
-0.014300017	1.4150748E-11
-0.014200017	1.9411044E-11
-0.014100017	2.6567845E-11
-0.014000017	3.6282668E-11
-0.013900017	4.9440032E-11
-0.013800018	6.7219466E-11
-0.013700018	9.119017E-11
-0.013600018	1.2343516E-10
-0.013500018	1.667114E-10
-0.013400018	2.2466139E-10
-0.013300018	3.0208436E-10
-0.013200019	4.052889E-10
-0.013100019	5.4254773E-10
-0.013000019	7.246846E-10
-0.012900019	9.658188E-10
-0.012800019	1.284337E-9
-0.012700019	1.7041155E-9
-0.01260002	2.2560867E-9
-0.01250002	2.980234E-9
-0.01240002	3.9280814E-9
-0.01230002	5.165916E-9
-0.01220002	6.7787704E-9
-0.01210002	8.875467E-9
-0.012000021	1.1594931E-8
-0.011900021	1.5114122E-8
-0.011800021	1.9657728E-8
-0.011700021	2.5510582E-8
-0.011600021	3.303271E-8
-0.011500021	4.2678067E-8
-0.011400022	5.5017765E-8
-0.011300022	7.076799E-8
-0.011200022	9.082544E-8
-0.011100022	1.163094E-7
-0.011000022	1.4861371E-7
-0.010900022	1.8946963E-7
-0.010800023	2.4102272E-7
-0.010700023	3.0592298E-7
-0.010600023	3.8743866E-7
-0.010500023	4.8958776E-7
-0.010400023	6.172979E-7
-0.0103000235	7.765971E-7
-0.010200024	9.748424E-7
-0.010100024	1.2209806E-6
-0.010000024	1.5258781E-6
-0.009900024	1.9026883E-6
-0.009800024	2.367294E-6
-0.0097000245	2.9388286E-6
-0.009600025	3.6402578E-6
-0.009500025	4.4991116E-6
-0.009400025	5.5482765E-6
-0.009300025	6.8269405E-6
-0.009200025	8.381675E-6
-0.0091000255	1.0267699E-5
-0.009000026	1.2550217E-5
-0.008900026	1.5306156E-5
-0.008800026	1.8625917E-5
-0.008700026	2.2615486E-5
-0.008600026	2.7398808E-5
-0.008500027	3.312023E-5
-0.008400027	3.9947696E-5
-0.008300027	4.8075828E-5
-0.008200027	5.77296E-5
-0.008100027	6.9168294E-5
-0.008000027	8.269001E-5
-0.007900028	9.863587E-5
-0.0078000277	1.17396055E-4
-0.007700028	1.3941478E-4
-0.007600028	1.6519663E-4
-0.0075000282	1.9531246E-4
-0.0074000284	2.3040683E-4
-0.0073000286	2.7120506E-4
-0.0072000287	3.1851997E-4
-0.007100029	3.7326064E-4
-0.007000029	4.3644023E-4
-0.0069000293	5.091828E-4
-0.0068000294	5.927338E-4
-0.0067000296	6.8846537E-4
-0.0066000298	7.978866E-4
-0.00650003	9.2265056E-4
-0.00640003	0.0010645591
-0.0063000303	0.0012255723
-0.0062000304	0.0014078134
-0.0061000306	0.0016135697
-0.006000031	0.0018453003
-0.005900031	0.002105636
-0.005800031	0.0023973752
-0.0057000313	0.0027234897
-0.0056000315	0.0030871083
-0.0055000316	0.003491521
-0.005400032	0.003940166
-0.005300032	0.0044366047
-0.005200032	0.004984524
-0.0051000323	0.0055877063
-0.0050000325	0.006249999
-0.0049000327	0.006975302
-0.004800033	0.0077675316
-0.004700033	0.008630571
-0.004600033	0.0095682535
-0.0045000333	0.010584316
-0.0044000335	0.011682328
-0.0043000337	0.012865685
-0.004200034	0.014137509
-0.004100034	0.0155006405
-0.004000034	0.016957555
-0.0039000341	0.018510295
-0.003800034	0.020160452
-0.003700034	0.021909064
-0.003600034	0.023756593
-0.0035000339	0.025702845
-0.0034000338	0.027746929
-0.0033000337	0.029887205
-0.0032000337	0.03212125
-0.0031000336	0.034445796
-0.0030000336	0.036856726
-0.0029000335	0.03934903
-0.0028000334	0.041916784
-0.0027000334	0.044553168
-0.0026000333	0.047250442
-0.0025000332	0.049999997
-0.0024000332	0.05279232
-0.002300033	0.05561708
-0.002200033	0.058463167
-0.002100033	0.06131874
-0.002000033	0.0641713
-0.001900033	0.06700775
-0.001800033	0.06981456
-0.0017000331	0.07257778
-0.0016000331	0.07528321
-0.0015000332	0.07791645
-0.0014000332	0.080463134
-0.0013000333	0.08290896
-0.0012000334	0.08523985
-0.0011000334	0.08744211
-0.0010000335	0.0895025
-9.0003345E-4	0.09140848
-8.0003345E-4	0.0931482
-7.0003344E-4	0.09471074
-6.0003344E-4	0.09608613
-5.0003343E-4	0.09726549
-4.0003343E-4	0.09824119
-3.0003343E-4	0.09900683
-2.0003342E-4	0.09955737
-1.0003342E-4	0.09988915
-3.342575E-8	0.099999994
9.996657E-5	0.09988915
1.9996657E-4	0.09955737
2.9996657E-4	0.09900683
3.9996658E-4	0.09824119
4.9996655E-4	0.09726549
5.9996656E-4	0.09608613
6.9996656E-4	0.09471074
7.9996657E-4	0.0931482
8.999666E-4	0.09140848
9.999665E-4	0.0895025
0.0010999665	0.08744211
0.0011999664	0.08523985
0.0012999664	0.08290896
0.0013999663	0.080463134
0.0014999663	0.07791645
0.0015999662	0.07528321
0.0016999661	0.07257778
0.0017999661	0.06981456
0.001899966	0.06700775
0.001999966	0.0641713
0.0020999662	0.06131874
0.0021999662	0.058463167
0.0022999663	0.05561708
0.0023999664	0.05279232
0.0024999664	0.049999997
0.0025999665	0.047250442
0.0026999665	0.044553168
0.0027999666	0.041916784
0.0028999667	0.03934903
0.0029999667	0.036856726
0.0030999668	0.034445796
0.0031999669	0.03212125
0.003299967	0.029887205
0.003399967	0.027746929
0.003499967	0.025702845
0.003599967	0.023756593
0.0036999672	0.021909064
0.0037999672	0.020160452
0.0038999673	0.018510295
0.003999967	0.016957555
0.004099967	0.0155006405
0.004199967	0.014137509
0.0042999666	0.012865685
0.0043999664	0.011682328
0.0044999663	0.010584316
0.004599966	0.0095682535
0.004699966	0.008630571
0.004799966	0.0077675316
0.0048999656	0.006975302
0.0049999654	0.006249999
0.0050999653	0.0055877063
0.005199965	0.004984524
0.005299965	0.0044366047
0.0053999647	0.003940166
0.0054999646	0.003491521
0.0055999644	0.0030871083
0.0056999642	0.0027234897
0.005799964	0.0023973752
0.005899964	0.002105636
0.0059999637	0.0018453003
0.0060999636	0.0016135697
0.0061999634	0.0014078134
0.006299963	0.0012255723
0.006399963	0.0010645591
0.006499963	9.2265056E-4
0.0065999627	7.978866E-4
0.0066999625	6.8846537E-4
0.0067999624	5.927338E-4
0.006899962	5.091828E-4
0.006999962	4.3644023E-4
0.007099962	3.7326064E-4
0.0071999617	3.1851997E-4
0.0072999615	2.7120506E-4
0.0073999614	2.3040683E-4
0.007499961	1.9531246E-4
0.007599961	1.6519663E-4
0.007699961	1.3941478E-4
0.0077999607	1.17396055E-4
0.0078999605	9.863587E-5
0.00799996	8.269001E-5
0.00809996	6.9168294E-5
0.00819996	5.77296E-5
0.00829996	4.8075828E-5
0.00839996	3.9947696E-5
0.0084999595	3.312023E-5
0.008599959	2.7398808E-5
0.008699959	2.2615486E-5
0.008799959	1.8625917E-5
0.008899959	1.5306156E-5
0.008999959	1.2550217E-5
0.009099958	1.0267699E-5
0.009199958	8.381675E-6
0.009299958	6.8269405E-6
0.009399958	5.5482765E-6
0.009499958	4.4991116E-6
0.009599958	3.6402578E-6
0.009699957	2.9388286E-6
0.009799957	2.367294E-6
0.009899957	1.9026883E-6
0.009999957	1.5258781E-6
0.010099957	1.2209806E-6
0.010199957	9.748424E-7
0.010299956	7.765971E-7
0.010399956	6.172979E-7
0.010499956	4.8958776E-7
0.010599956	3.8743866E-7
0.010699956	3.0592298E-7
0.010799956	2.4102272E-7
0.010899955	1.8946963E-7
0.010999955	1.4861371E-7
0.011099955	1.163094E-7
0.011199955	9.082544E-8
0.011299955	7.076799E-8
0.011399955	5.5017765E-8
0.011499954	4.2678067E-8
0.011599954	3.303271E-8
0.011699954	2.5510582E-8
0.011799954	1.9657728E-8
0.011899954	1.5114122E-8
0.011999954	1.1594931E-8
0.012099953	8.875467E-9
0.012199953	6.7787704E-9
0.012299953	5.165916E-9
0.012399953	3.9280814E-9
0.012499953	2.980234E-9
0.0125999525	2.2560867E-9
0.012699952	1.7041155E-9
0.012799952	1.284337E-9
0.012899952	9.658188E-10
0.012999952	7.246846E-10
0.013099952	5.4254773E-10
0.0131999515	4.052889E-10
0.013299951	3.0208436E-10
0.013399951	2.2466139E-10
0.013499951	1.667114E-10
0.013599951	1.2343516E-10
0.013699951	9.119017E-11
0.0137999505	6.7219466E-11
0.01389995	4.9440032E-11
0.01399995	3.6282668E-11
0.01409995	2.6567845E-11
0.01419995	1.9411044E-11
0.01429995	1.4150748E-11
0.014399949	1.0293112E-11
0.014499949	7.470517E-12
0.014599949	5.4099264E-12
0.014699949	3.909027E-12
0.014799949	2.8182623E-12
0.014899949	2.0273663E-12
0.014999948	1.45519E-12
0.015099948	1.0421827E-12
0.015199948	7.4474015E-13
0.015299948	5.3100964E-13
0.015399948	3.7777683E-13
0.015499948	2.6816762E-13
0.015599947	1.8993897E-13
0.015699947	1.3423274E-13
0.015799947	9.465414E-14
0.015899947	6.659743E-14
0.015999947	4.675327E-14
0.016099947	3.2749394E-14
0.016199946	2.288908E-14
0.016299946	1.5962209E-14
0.016399946	1.1106938E-14
0.016499946	7.7113846E-15
0.016599946	5.3420403E-15
0.016699946	3.6924843E-15
0.016799945	2.546636E-15
0.016899945	1.7524746E-15
0.016999945	1.2032984E-15
0.017099945	8.24388E-16
0.017199945	5.635424E-16
0.017299945	3.843751E-16
0.017399944	2.6159154E-16
0.017499944	1.7763509E-16
0.017599944	1.203568E-16
0.017699944	8.136716E-17
0.017799944	5.4886355E-17
0.017899944	3.6941655E-17
0.017999943	2.4808758E-17
0.018099943	1.6623802E-17
0.018199943	1.1114564E-17
0.018299943	7.41466E-18
0.018399943	4.9354124E-18
0.018499942	3.277899E-18
0.018599942	2.1722234E-18
0.018699942	1.4363162E-18
0.018799942	9.476159E-19
0.018899942	6.238086E-19
0.018999942	4.0973877E-19
0.019099941	2.685341E-19
0.019199941	1.7560166E-19
0.019299941	1.1457621E-19
0.019399941	7.459281E-20
0.01949994	4.8454344E-20
0.01959994	3.1405712E-20
0.01969994	2.0310533E-20
0.01979994	1.31060144E-20
0.01989994	8.438334E-21
0.01999994	5.4210012E-21
0.02009994	3.474873E-21
0.02019994	2.222466E-21
0.02029994	1.4182997E-21
0.02039994	9.031036E-22
0.02049994	5.7377804E-22
0.020599939	3.6373341E-22
0.020699939	2.3007155E-22
0.020799939	1.4520424E-22
0.020899938	9.14392E-23
0.020999938	5.745426E-23
0.021099938	3.602042E-23
0.021199938	2.2532636E-23
0.021299938	1.4064101E-23
0.021399938	8.7588804E-24
0.021499937	5.4427943E-24
0.021599937	3.3746756E-24
0.021699937	2.0877513E-24
0.021799937	1.2887194E-24
0.021899937	7.937404E-25
0.021999937	4.8779283E-25
0.022099936	2.9910864E-25
0.022199936	1.8300344E-25
0.022299936	1.1171879E-25
0.022399936	6.8050285E-26
0.022499936	4.1359028E-26
0.022599936	2.5081153E-26
0.022699935	1.5176138E-26
0.022799935	9.1624546E-27
0.022899935	5.5194394E-27
0.022999935	3.3175607E-27
0.023099935	1.989663E-27
0.023199935	1.19063E-27
0.023299934	7.1090393E-28
0.023399934	4.235275E-28
0.023499934	2.5176141E-28
0.023599934	1.4932526E-28
0.023699934	8.837189E-29
0.023799933	5.2183325E-29
0.023899933	3.0745816E-29
0.023999933	1.8074767E-29
0.024099933	1.06023075E-29
0.024199933	6.205329E-30
0.024299933	3.623814E-30
0.024399932	2.1115614E-30
0.024499932	1.2276603E-30
0.024599932	7.121795E-31
0.024699932	4.122279E-31
0.024799932	2.3807952E-31
0.024899932	1.3719661E-31
0.024999931	7.888628E-32
0.9870459	7.889605E-31
0.9871459	1.3718109E-30
0.9872459	2.3807462E-30
0.98734593	4.1225738E-30
0.98744595	7.120637E-30
0.98754597	1.2275734E-29
0.987646	2.111604E-29
0.987746	3.6242147E-29
0.987846	6.204585E-29
0.98794603	1.0601992E-28
0.98804605	1.8075844E-28
0.98814607	3.075007E-28
0.9882461	5.217871E-28
0.9883461	8.837189E-28
0.9884461	1.4933838E-27
0.98854613	2.517272E-27
0.98864615	4.2350706E-27
0.98874617	7.109312E-27
0.9888462	1.19077845E-26
0.9889462	1.989473E-26
0.9890462	3.317529E-26
0.98914623	5.5198576E-26
0.98924625	9.163836E-26
0.98934627	1.5175142E-25
0.9894463	2.5081618E-25
0.9895463	4.136326E-25
0.9896463	6.804273E-25
0.98974633	1.1171571E-24
0.98984635	1.8301352E-24
0.98994637	2.9914962E-24
0.9900464	4.877574E-24
0.9901464	7.937477E-24
0.9902464	1.28883535E-23
0.99034643	2.0874896E-23
0.99044645	3.3745248E-23
0.99054646	5.442988E-23
0.9906465	8.759888E-23
0.9907465	1.4062862E-22
0.9908465	2.253244E-22
0.99094653	3.602293E-22
0.99104655	5.7446785E-22
0.99114656	9.143447E-22
0.9912466	1.4520798E-21
0.9913466	2.3009517E-21
0.9914466	3.6369936E-21
0.99154663	5.737635E-21
0.99164665	9.031493E-21
0.99174666	1.4184782E-20
0.9918467	2.2223177E-20
0.9919467	3.474902E-20
0.9920467	5.421449E-20
0.99214673	8.437433E-20
0.99224675	1.3105586E-19
0.99234676	2.0311358E-19
0.9924468	3.1409276E-19
0.9925468	4.8450833E-19
0.9926468	7.4592216E-19
0.99274683	1.1458353E-18
0.99284685	1.7558079E-18
0.99294686	2.6852142E-18
0.9930469	4.0974847E-18
0.9931469	6.238671E-18
0.9932469	9.47535E-18
0.9933469	1.436294E-17
0.99344695	2.17234E-17
0.99354696	3.2783E-17
0.993647	4.9351498E-17
0.993747	7.414716E-17
0.993847	1.11154E-16
0.993947	1.6622188E-16
0.99404705	2.480802E-16
0.99414706	3.6943024E-16
0.9942471	5.4892007E-16
0.9943471	8.136181E-16
0.9944471	1.2035681E-15
0.9945471	1.7764667E-15
0.99464715	2.615652E-15
0.99474716	3.843614E-15
0.9948472	5.6355452E-15
0.9949472	8.244578E-15
0.9950472	1.2032054E-14
0.9951472	1.7524502E-14
0.99524724	2.5467596E-14
0.99534726	3.6920767E-14
0.9954473	5.341784E-14
0.9955473	7.71149E-14
0.9956473	1.1107765E-13
0.9957473	1.596092E-13
0.99584734	2.2888622E-13
0.99594736	3.2750484E-13
0.9960474	4.67576E-13
0.9961474	6.659349E-13
0.9962474	9.465415E-13
0.9963474	1.342406E-12
0.99644744	1.8992182E-12
0.99654746	2.6815906E-12
0.9966475	3.7778647E-12
0.9967475	5.3105163E-12
0.9968475	7.446911E-12
0.9969475	1.042173E-11
0.99704754	1.4552578E-11
0.99714756	2.027173E-11
0.9972476	2.8181504E-11
0.9973476	3.9090748E-11
0.9974476	5.4102847E-11
0.9975476	7.46998E-11
0.99764764	1.0292928E-10
0.99774766	1.4151251E-10
0.9978477	1.9412753E-10
0.9979477	2.656653E-10
0.9980477	3.628277E-10
0.9981477	4.9442733E-10
0.99824774	6.721429E-10
0.99834776	9.1187846E-10
0.9984478	1.2343795E-9
0.9985478	1.667235E-9
0.9986478	2.2464894E-9
0.9987478	3.020827E-9
0.99884784	4.0530663E-9
0.99894786	5.4250364E-9
0.9990479	7.2465935E-9
0.9991479	9.658318E-9
0.9992479	1.28441515E-8
0.9993479	1.7040128E-8
0.99944794	2.2560572E-8
0.99954796	2.9803264E-8
0.999648	3.9283833E-8
0.999748	5.165706E-8
0.999848	6.778805E-8
0.999948	8.875911E-8
1.000048	1.1596024E-7
1.000148	1.5116166E-7
1.0002481	1.9655091E-7
1.0003481	2.5508302E-7
1.0004481	3.3031205E-7
1.0005481	4.2677965E-7
1.0006481	5.501984E-7
1.0007482	7.0773604E-7
1.0008482	9.0836363E-7
1.0009482	1.1629394E-6
1.0010482	1.486002E-6
1.0011482	1.8946023E-6
1.0012482	2.4102003E-6
1.0013483	3.0593183E-6
1.0014483	3.87465E-6
1.0015483	4.896398E-6
1.0016483	6.1721703E-6
1.0017483	7.765261E-6
1.0018483	9.74789E-6
1.0019484	1.2209603E-5
1.0020484	1.5259098E-5
1.0021484	1.9027973E-5
1.0022484	2.3675142E-5
1.0023484	2.9391997E-5
1.0024484	3.6399186E-5
1.0025485	4.498856E-5
1.0026485	5.548158E-5
1.0027485	6.827032E-5
1.0028485	8.3820734E-5
1.0029485	1.02685095E-4
1.0030485	1.2551618E-4
1.0031486	1.5304747E-4
1.0032486	1.8624833E-4
1.0033486	2.2614918E-4
1.0034486	2.739895E-4
1.0035486	3.3121448E-4
1.0036486	3.99504E-4
1.0037487	4.8080526E-4
1.0038487	5.772442E-4
1.0039487	6.916425E-4
1.0040487	8.268754E-4
1.0041487	9.863587E-4
1.0042487	0.0011739946
1.0043488	0.0013942277
1.0044488	0.0016521051
1.0045488	0.0019529535
1.0046488	0.0023039328
1.0047488	0.0027119652
1.0048488	0.0031851856
1.0049489	0.0037326887
1.0050489	0.004364608
1.0051489	0.005092195
1.0052489	0.005926839
1.0053489	0.006884253
1.0054489	0.007978605
1.005549	0.009226426
1.005649	0.010645753
1.005749	0.012256194
1.005849	0.014078982
1.005949	0.016134417
1.006049	0.018451974
1.006149	0.021055656
1.0062491	0.023973484
1.0063491	0.027235156
1.0064491	0.030872013
1.0065491	0.03491696
1.0066491	0.039404362
1.0067492	0.044363692
1.0068492	0.04984361
1.0069492	0.055876303
1.0070492	0.06250031
1.0071492	0.069754645
1.0072492	0.077678435
1.0073493	0.08631061
1.0074493	0.09567786
1.0075493	0.10583981
1.0076493	0.11682159
1.0077493	0.12865703
1.0078493	0.1413775
1.0079494	0.15501133
1.0080494	0.16958326
1.0081494	0.18509476
1.0082494	0.20159864
1.0083494	0.21908742
1.0084494	0.23756568
1.0085495	0.25703147
1.0086495	0.27747592
1.0087495	0.29888263
1.0088495	0.32120013
1.0089495	0.34444904
1.0090495	0.36856216
1.0091496	0.39348915
1.0092496	0.41917098
1.0093496	0.44553933
1.0094496	0.47251683
1.0095496	0.4999841
1.0096496	0.5279118
1.0097497	0.55616397
1.0098497	0.58462954
1.0099497	0.61319005
1.0100497	0.6417203
1.0101497	0.6700894
1.0102497	0.6981621
1.0103498	0.72576594
1.0104498	0.7528248
1.0105498	0.7791619
1.0106498	0.8046329
1.0107498	0.82909507
1.0108498	0.85240734
1.0109499	0.87443286
1.0110499	0.8950158
1.0111499	0.9140793
1.0112499	0.93147993
1.0113499	0.94710785
1.0114499	0.96086377
1.01155	0.9726589
1.01165	0.98241657
1.01175	0.99006504
1.01185	0.9955722
1.01195	0.99889123
1.01205	1.0
1.01215	0.99889123
1.0122501	0.9955722
1.0123501	0.99006504
1.0124501	0.98241657
1.0125501	0.9726589
1.0126501	0.96086377
1.0127501	0.94710785
1.0128502	0.93147993
1.0129502	0.9140793
1.0130502	0.8950158
1.0131502	0.87443286
1.0132502	0.85240734
1.0133502	0.82909507
1.0134503	0.8046329
1.0135503	0.7791619
1.0136503	0.7528248
1.0137503	0.72576594
1.0138503	0.6981621
1.0139503	0.6700894
1.0140504	0.6417203
1.0141504	0.61319005
1.0142504	0.58462954
1.0143504	0.55616397
1.0144504	0.5279118
1.0145504	0.4999841
1.0146505	0.47251683
1.0147505	0.44553933
1.0148505	0.41917098
1.0149505	0.39348915
1.0150505	0.36856216
1.0151505	0.34444904
1.0152506	0.32120013
1.0153506	0.29888263
1.0154506	0.27747592
1.0155506	0.25703147
1.0156506	0.23756568
1.0157506	0.21908742
1.0158507	0.20159864
1.0159507	0.18509476
1.0160507	0.16958326
1.0161507	0.15501133
1.0162507	0.1413775
1.0163507	0.12865703
1.0164508	0.11682159
1.0165508	0.10583981
1.0166508	0.09567786
1.0167508	0.08631061
1.0168508	0.077678435
1.0169508	0.069754645
1.0170509	0.06250031
1.0171509	0.055876303
1.0172509	0.04984361
1.0173509	0.044363692
1.0174509	0.039404362
1.017551	0.03491696
1.017651	0.030872013
1.017751	0.027235156
1.017851	0.023973484
1.017951	0.021055656
1.018051	0.018451974
1.018151	0.016134417
1.0182511	0.014078982
1.0183511	0.012256194
1.0184511	0.010645753
1.0185511	0.009226426
1.0186511	0.007978605
1.0187511	0.006884253
1.0188512	0.005926839
1.0189512	0.005092195
1.0190512	0.004364608
1.0191512	0.0037326887
1.0192512	0.0031851856
1.0193512	0.0027119652
1.0194513	0.0023039328
1.0195513	0.0019529535
1.0196513	0.0016521051
1.0197513	0.0013942277
1.0198513	0.0011739946
1.0199513	9.863587E-4
1.0200514	8.268754E-4
1.0201514	6.916425E-4
1.0202514	5.772442E-4
1.0203514	4.8080526E-4
1.0204514	3.99504E-4
1.0205514	3.3121448E-4
1.0206515	2.739895E-4
1.0207515	2.2614918E-4
1.0208515	1.8624833E-4
1.0209515	1.5304747E-4
1.0210515	1.2551618E-4
1.0211515	1.02685095E-4
1.0212516	8.3820734E-5
1.0213516	6.827032E-5
1.0214516	5.548158E-5
1.0215516	4.498856E-5
1.0216516	3.6399186E-5
1.0217516	2.9391997E-5
1.0218517	2.3675142E-5
1.0219517	1.9027973E-5
1.0220517	1.5259098E-5
1.0221517	1.2209603E-5
1.0222517	9.74789E-6
1.0223517	7.765261E-6
1.0224518	6.1721703E-6
1.0225518	4.896398E-6
1.0226518	3.87465E-6
1.0227518	3.0593183E-6
1.0228518	2.4102003E-6
1.0229518	1.8946023E-6
1.0230519	1.486002E-6
1.0231519	1.1629394E-6
1.0232519	9.0836363E-7
1.0233519	7.0773604E-7
1.0234519	5.501984E-7
1.023552	4.2677965E-7
1.023652	3.3031205E-7
1.023752	2.5508302E-7
1.023852	1.9655091E-7
1.023952	1.5116166E-7
1.024052	1.1596024E-7
1.024152	8.875911E-8
1.024252	6.778805E-8
1.0243521	5.165706E-8
1.0244521	3.9277396E-8
1.0245521	2.9798338E-8
1.0246521	2.256433E-8
1.0247521	1.704299E-8
1.0248522	1.28441515E-8
1.0249522	9.658318E-9
1.0250522	7.2465935E-9
1.0251522	5.4250364E-9
1.0252522	4.052359E-9
1.0253522	3.021358E-9
1.0254523	2.2468873E-9
1.0255523	1.667235E-9
1.0256523	1.2343795E-9
1.0257523	9.1187846E-10
1.0258523	6.721429E-10
1.0259523	4.9433646E-10
1.0260524	3.6276057E-10
1.0261524	2.6571484E-10
1.0262524	1.9412753E-10
1.0263524	1.4151251E-10
1.0264524	1.0292928E-10
1.0265524	7.46998E-11
1.0266525	5.4092408E-11
1.0267525	3.908315E-11
1.0268525	2.818702E-11
1.0269525	2.0275722E-11
1.0270525	1.4552578E-11
1.0271525	1.042173E-11
1.0272526	7.446911E-12
1.0273526	5.3094417E-12
1.0274526	3.7770954E-12
1.0275526	2.68214E-12
1.0276526	1.89961E-12
1.0277526	1.342406E-12
1.0278527	9.465415E-13
1.0279527	6.659349E-13
1.0280527	4.674771E-13
1.0281527	3.2743513E-13
1.0282527	2.2893522E-13
1.0283527	1.5964358E-13
1.0284528	1.1107765E-13
1.0285528	7.71149E-14
1.0286528	5.341784E-14
1.0287528	3.6920767E-14
1.0288528	2.5461939E-14
1.0289528	1.7528417E-14
1.0290529	1.2034759E-14
1.0291529	8.244578E-15
1.0292529	5.6355452E-15
1.0293529	3.843614E-15
1.0294529	2.615652E-15
1.0295529	1.7760557E-15
1.029653	1.2032881E-15
1.029753	8.138085E-16
1.029853	5.4892007E-16
1.029953	3.6943024E-16
1.030053	2.480802E-16
1.030153	1.6622188E-16
1.030253	1.1112726E-16
1.0303531	7.412922E-17
1.0304531	4.93635E-17
1.0305531	3.2783E-17
1.0306531	2.17234E-17
1.0307531	1.436294E-17
1.0308532	9.47535E-18
1.0309532	6.2371122E-18
1.0310532	4.0964552E-18
1.0311532	2.6858923E-18
1.0312532	1.7562535E-18
1.0313532	1.1458353E-18
1.0314533	7.4592216E-19
1.0315533	4.8450833E-19
1.0316533	3.1401138E-19
1.0317533	2.030607E-19
1.0318533	1.3109017E-19
1.0319533	8.439653E-20
1.0320534	5.421449E-20
1.0321534	3.474902E-20
1.0322534	2.2223177E-20
1.0323534	1.4180976E-20
1.0324534	9.0290585E-21
1.0325534	5.73919E-21
1.0326535	3.6379844E-21
1.0327535	2.3009517E-21
1.0328535	1.4520798E-21
1.0329535	9.143447E-22
1.0330535	5.7446785E-22
1.0331535	3.6012884E-22
1.0332536	2.2538753E-22
1.0333536	1.4066824E-22
1.0334536	8.759888E-23
1.0335536	5.442988E-23
1.0336536	3.3745248E-23
1.0337536	2.0874896E-23
1.0338537	1.288464E-23
1.0339537	7.935179E-24
1.0340537	4.8789927E-24
1.0341537	2.9914962E-24
1.0342537	1.8301352E-24
1.0343537	1.1171571E-24
1.0344537	6.804273E-25
1.0345538	4.135096E-25
1.0346538	2.5074129E-25
1.0347538	1.5179697E-25
1.0348538	9.163836E-26
1.0349538	5.5198576E-26
1.0350538	3.317529E-26
1.0351539	1.989473E-26
1.0352539	1.1904133E-26
1.0353539	7.107124E-27
1.0354539	4.2363814E-27
1.0355539	2.5180538E-27
1.035654	1.4933838E-27
1.035754	8.837189E-28
1.035854	5.217871E-28
1.035954	3.0740355E-28
1.036054	1.8070109E-28
1.036154	1.060537E-28
1.036254	6.20657E-29
1.0363541	3.6242147E-29
1.0364541	2.111604E-29
1.0365541	1.2275734E-29
1.0366541	7.120637E-30
1.0367541	4.1212275E-30
1.0368541	2.3815271E-30
1.0369542	1.3722626E-30
1.0370542	7.889605E-31
2.775322	1.7530191E-32
2.775822	3.0486784E-32
2.776322	5.2902165E-32
2.7768219	9.159507E-32
2.7773218	1.5827802E-31
2.7778218	2.7283024E-31
2.7783217	4.692467E-31
2.7788217	8.052797E-31
2.7793217	1.3788887E-30
2.7798216	2.3558545E-30
2.7803216	4.0171205E-30
2.7808216	6.8329354E-30
2.7813215	1.159676E-29
2.7818215	1.9638253E-29
2.7823215	3.3182253E-29
2.7828214	5.594299E-29
2.7833214	9.4107106E-29
2.7838213	1.5799488E-28
2.7843213	2.646019E-28
2.7848213	4.421603E-28
2.7853212	7.372306E-28
2.7858212	1.2264895E-27
2.7863212	2.035922E-27
2.7868211	3.37206E-27
2.787321	5.57404E-27
2.787821	9.191311E-27
2.788321	1.5122434E-26
2.788821	2.4825773E-26
2.789321	4.0664994E-26
2.789821	6.6462314E-26
2.7903209	1.0840969E-25
2.7908208	1.7639899E-25
2.7913208	2.86392E-25
2.7918208	4.6394083E-25
2.7923207	7.4989616E-25
2.7928207	1.2094181E-24
2.7933207	1.9462054E-24
2.7938206	3.1256156E-24
2.7943206	5.0075E-24
2.7948205	8.004667E-24
2.7953205	1.2767398E-23
2.7958205	2.0318813E-23
2.7963204	3.2264963E-23
2.7968204	5.1132364E-23
2.7973204	8.083546E-23
2.7978203	1.2751016E-22
2.7983203	2.0068943E-22
2.7988203	3.1516725E-22
2.7993202	4.9384934E-22
2.7998202	7.721199E-22
2.8003201	1.2047687E-21
2.80082	1.8752845E-21
2.80132	2.9125106E-21
2.80182	4.5134084E-21
2.80232	6.978767E-21
2.80282	1.0766872E-20
2.80332	1.6574378E-20
2.80382	2.546305E-20
2.8043199	3.9023958E-20
2.8048198	5.967454E-20
2.8053198	9.1050794E-20
2.8058197	1.3861659E-19
2.8063197	2.1056368E-19
2.8068197	3.1920856E-19
2.8073196	4.8274307E-19
2.8078196	7.284411E-19
2.8083196	1.0967551E-18
2.8088195	1.6476376E-18
2.8093195	2.4697363E-18
2.8098195	3.693825E-18
2.8103194	5.5134268E-18
2.8108194	8.209573E-18
2.8113194	1.2197096E-17
2.8118193	1.8081276E-17
2.8123193	2.6744753E-17
2.8128192	3.9471616E-17
2.8133192	5.8136384E-17
2.8138192	8.5421585E-17
2.8143191	1.2523451E-16
2.814819	1.8319655E-16
2.815319	2.673914E-16
2.815819	3.8941652E-16
2.816319	5.658719E-16
2.816819	8.206075E-16
2.817319	1.187169E-15
2.8178189	1.7136668E-15
2.8183188	2.4681814E-15
2.8188188	3.5470282E-15
2.8193188	5.0861482E-15
2.8198187	7.276965E-15
2.8203187	1.0390151E-14
2.8208187	1.4799817E-14
2.8213186	2.103428E-14
2.8218186	2.98288E-14
2.8223186	4.2206642E-14
2.8228185	5.9588524E-14
2.8233185	8.3956056E-14
2.8238184	1.1800683E-13
2.8243184	1.655004E-13
2.8248184	2.3159426E-13
2.8253183	3.2336528E-13
2.8258183	4.505011E-13
2.8263183	6.263299E-13
2.8268182	8.6871797E-13
2.8273182	1.2022405E-12
2.8278182	1.6601245E-12
2.828318	2.2873196E-12
2.828818	3.1444877E-12
2.829318	4.3133015E-12
2.829818	5.904339E-12
2.830318	8.063144E-12
2.830818	1.098688E-11
2.831318	1.4937612E-11
2.8318179	2.0263983E-11
2.8323178	2.7428705E-11
2.8328178	3.7044406E-11
2.8333178	4.9927337E-11
2.8338177	6.7131904E-11
2.8343177	9.006506E-11
2.8348176	1.2056484E-10
2.8353176	1.6103553E-10
2.8358176	2.146148E-10
2.8363175	2.8542582E-10
2.8368175	3.7870795E-10
2.8373175	5.013632E-10
2.8378174	6.6227335E-10
2.8383174	8.7288893E-10
2.8388174	1.1479355E-9
2.8393173	1.5063049E-9
2.8398173	1.972426E-9
2.8403172	2.5767324E-9
2.8408172	3.3587275E-9
2.8413172	4.3683466E-9
2.8418171	5.6688663E-9
2.842317	7.340273E-9
2.842817	9.484574E-9
2.843317	1.2226638E-8
2.843817	1.5726538E-8
2.844317	2.0183478E-8
2.844817	2.5846145E-8
2.845317	3.3024204E-8
2.8458169	4.2102297E-8
2.8463168	5.35631E-8
2.8468168	6.7984885E-8
2.8473167	8.609855E-8
2.8478167	1.0879682E-7
2.8483167	1.371745E-7
2.8488166	1.7257085E-7
2.8493166	2.1661988E-7
2.8498166	2.7133913E-7
2.8503165	3.390912E-7
2.8508165	4.228219E-7
2.8513165	5.2606003E-7
2.8518164	6.530552E-7
2.8523164	8.0891226E-7
2.8528163	9.998465E-7
2.8533163	1.2329857E-6
2.8538163	1.5171189E-6
2.8543162	1.8625932E-6
2.8548162	2.2816723E-6
2.8553162	2.7888511E-6
2.8558161	3.4012164E-6
2.856316	4.1392386E-6
2.856816	5.0257704E-6
2.857316	6.0886587E-6
2.857816	7.359994E-6
2.858316	8.87708E-6
2.858816	1.06831585E-5
2.8593159	1.2829322E-5
2.8598158	1.5371153E-5
2.8603158	1.8375793E-5
2.8608158	2.191909E-5
2.8613157	2.60877E-5
2.8618157	3.098032E-5
2.8623157	3.6709032E-5
2.8628156	4.3404143E-5
2.8633156	5.1202525E-5
2.8638155	6.026823E-5
2.8643155	7.078191E-5
2.8648155	8.294554E-5
2.8653154	9.698412E-5
2.8658154	1.1314752E-4
2.8663154	1.3172177E-4
2.8668153	1.5299428E-4
2.8673153	1.7730855E-4
2.8678153	2.0503171E-4
2.8683152	2.3656432E-4
2.8688152	2.7234177E-4
2.8693151	3.1285608E-4
2.869815	3.5857735E-4
2.870315	4.1006994E-4
2.870815	4.6791811E-4
2.871315	5.327441E-4
2.871815	6.0520746E-4
2.872315	6.860042E-4
2.872815	7.7591E-4
2.8733149	8.7560253E-4
2.8738148	9.859152E-4
2.8743148	0.0011076664
2.8748147	0.0012416957
2.8753147	0.0013888594
2.8758147	0.0015501034
2.8763146	0.0017261439
2.8768146	0.0019179184
2.8773146	0.0021262784
2.8778145	0.0023520521
2.8783145	0.0025960354
2.8788145	0.00285898
2.8793144	0.0031417222
2.8798144	0.0034446216
2.8803144	0.003768358
2.8808143	0.004113387
2.8813143	0.00448006
2.8818142	0.00486861
2.8823142	0.005279338
2.8828142	0.0057118107
2.8833141	0.006166021
2.883814	0.0066416045
2.884314	0.0071380227
2.884814	0.007654549
2.885314	0.00819027
2.885814	0.008744338
2.886314	0.009314911
2.8868139	0.009900734
2.8873138	0.010500086
2.8878138	0.011111052
2.8883138	0.011731521
2.8888137	0.012359501
2.8893137	0.01299192
2.8898137	0.013626444
2.8903136	0.0142602995
2.8908136	0.014890579
2.8913136	0.0155142695
2.8918135	0.016128277
2.8923135	0.016729724
2.8928134	0.017314844
2.8933134	0.017880732
2.8938134	0.018424207
2.8943133	0.018942146
2.8948133	0.019431505
2.8953133	0.019889344
2.8958132	0.020313067
2.8963132	0.02069964
2.8968132	0.021046842
2.897313	0.021352459
2.897813	0.021614527
2.898313	0.02183134
2.898813	0.02200155
2.899313	0.022123873
2.899813	0.022197593
2.900313	0.02222222
2.9008129	0.022197593
2.9013128	0.022123873
2.9018128	0.02200155
2.9023128	0.02183134
2.9028127	0.021614527
2.9033127	0.021352459
2.9038126	0.021046842
2.9043126	0.02069964
2.9048126	0.020313067
2.9053125	0.019889344
2.9058125	0.019431505
2.9063125	0.018942146
2.9068124	0.018424207
2.9073124	0.017880732
2.9078124	0.017314844
2.9083123	0.016729724
2.9088123	0.016128277
2.9093122	0.0155142695
2.9098122	0.014890579
2.9103122	0.0142602995
2.9108121	0.013626444
2.911312	0.01299192
2.911812	0.012359501
2.912312	0.011731521
2.912812	0.011111052
2.913312	0.010500086
2.913812	0.009900734
2.914312	0.009314911
2.9148118	0.008744338
2.9153118	0.00819027
2.9158118	0.007654549
2.9163117	0.0071380227
2.9168117	0.0066416045
2.9173117	0.006166021
2.9178116	0.0057118107
2.9183116	0.005279338
2.9188116	0.00486861
2.9193115	0.00448006
2.9198115	0.004113387
2.9203115	0.003768358
2.9208114	0.0034446216
2.9213114	0.0031417222
2.9218113	0.00285898
2.9223113	0.0025960354
2.9228113	0.0023520521
2.9233112	0.0021262784
2.9238112	0.0019179184
2.9243112	0.0017261439
2.9248111	0.0015501034
2.925311	0.0013888594
2.925811	0.0012416957
2.926311	0.0011076664
2.926811	9.859152E-4
2.927311	8.7560253E-4
2.927811	7.7591E-4
2.9283109	6.860042E-4
2.9288108	6.0520746E-4
2.9293108	5.327441E-4
2.9298108	4.6791811E-4
2.9303107	4.1006994E-4
2.9308107	3.5857735E-4
2.9313107	3.1285608E-4
2.9318106	2.7234177E-4
2.9323106	2.3656432E-4
2.9328105	2.0503171E-4
2.9333105	1.7730855E-4
2.9338105	1.5299428E-4
2.9343104	1.3172177E-4
2.9348104	1.1314752E-4
2.9353104	9.698412E-5
2.9358103	8.294554E-5
2.9363103	7.078191E-5
2.9368103	6.026823E-5
2.9373102	5.1202525E-5
2.9378102	4.3404143E-5
2.9383101	3.6709032E-5
2.93881	3.098032E-5
2.93931	2.60877E-5
2.93981	2.191909E-5
2.94031	1.8375793E-5
2.94081	1.5371153E-5
2.94131	1.2829322E-5
2.94181	1.06831585E-5
2.9423099	8.87708E-6
2.9428098	7.359994E-6
2.9433098	6.0886587E-6
2.9438097	5.0257704E-6
2.9443097	4.1392386E-6
2.9448097	3.4012164E-6
2.9453096	2.7888511E-6
2.9458096	2.2816723E-6
2.9463096	1.8625932E-6
2.9468095	1.5171189E-6
2.9473095	1.2329857E-6
2.9478095	9.998465E-7
2.9483094	8.0891226E-7
2.9488094	6.530552E-7
2.9493093	5.2606003E-7
2.9498093	4.228219E-7
2.9503093	3.390912E-7
2.9508092	2.7133913E-7
2.9513092	2.1661988E-7
2.9518092	1.7257085E-7
2.9523091	1.371745E-7
2.952809	1.0879682E-7
2.953309	8.609855E-8
2.953809	6.7984885E-8
2.954309	5.35631E-8
2.954809	4.2102297E-8
2.955309	3.3024204E-8
2.9558089	2.5846145E-8
2.9563088	2.0183478E-8
2.9568088	1.5726538E-8
2.9573088	1.2226638E-8
2.9578087	9.484574E-9
2.9583087	7.340273E-9
2.9588087	5.6688663E-9
2.9593086	4.3683466E-9
2.9598086	3.3587275E-9
2.9603086	2.5767324E-9
2.9608085	1.972426E-9
2.9613085	1.5063049E-9
2.9618084	1.1479355E-9
2.9623084	8.7288893E-10
2.9628084	6.6227335E-10
2.9633083	5.013632E-10
2.9638083	3.7870795E-10
2.9643083	2.8542582E-10
2.9648082	2.146148E-10
2.9653082	1.6103553E-10
2.9658082	1.2056484E-10
2.966308	9.006506E-11
2.966808	6.7131904E-11
2.967308	4.9927337E-11
2.967808	3.7044406E-11
2.968308	2.7428705E-11
2.968808	2.0263983E-11
2.969308	1.4937612E-11
2.9698079	1.098688E-11
2.9703078	8.063144E-12
2.9708078	5.904339E-12
2.9713078	4.3133015E-12
2.9718077	3.1444877E-12
2.9723077	2.2873196E-12
2.9728076	1.6601245E-12
2.9733076	1.2022405E-12
2.9738076	8.6871797E-13
2.9743075	6.263299E-13
2.9748075	4.505011E-13
2.9753075	3.2336528E-13
2.9758074	2.3159426E-13
2.9763074	1.655004E-13
2.9768074	1.1800683E-13
2.9773073	8.3956056E-14
2.9778073	5.9588524E-14
2.9783072	4.2206642E-14
2.9788072	2.98288E-14
2.9793072	2.103428E-14
2.9798071	1.4799817E-14
2.980307	1.0390151E-14
2.980807	7.276965E-15
2.981307	5.0861482E-15
2.981807	3.5470282E-15
2.982307	2.4681814E-15
2.982807	1.7136668E-15
2.983307	1.187169E-15
2.9838068	8.206075E-16
2.9843068	5.658719E-16
2.9848068	3.8941652E-16
2.9853067	2.673914E-16
2.9858067	1.8319655E-16
2.9863067	1.2523451E-16
2.9868066	8.5421585E-17
2.9873066	5.8136384E-17
2.9878066	3.9471616E-17
2.9883065	2.6744753E-17
2.9888065	1.8081276E-17
2.9893064	1.2197096E-17
2.9898064	8.209573E-18
2.9903064	5.5134268E-18
2.9908063	3.693825E-18
2.9913063	2.4697363E-18
2.9918063	1.6476376E-18
2.9923062	1.0967551E-18
2.9928062	7.284411E-19
2.9933062	4.8274307E-19
2.9938061	3.1920856E-19
2.994306	2.1056368E-19
2.994806	1.3861659E-19
2.995306	9.1050794E-20
2.995806	5.967454E-20
2.996306	3.9023958E-20
2.996806	2.546305E-20
2.9973059	1.6574378E-20
2.9978058	1.0766872E-20
2.9983058	6.978767E-21
2.9988058	4.5134084E-21
2.9993057	2.9125106E-21
2.9998057	1.8752845E-21
3.0003057	1.2047687E-21
3.0008056	7.721199E-22
3.0013056	4.9384934E-22
3.0018055	3.1516725E-22
3.0023055	2.0068943E-22
3.0028055	1.2751016E-22
3.0033054	8.083546E-23
3.0038054	5.1132364E-23
3.0043054	3.2264963E-23
3.0048053	2.0318813E-23
3.0053053	1.2767398E-23
3.0058053	8.004667E-24
3.0063052	5.0075E-24
3.0068052	3.1256156E-24
3.0073051	1.9462054E-24
3.007805	1.2094181E-24
3.008305	7.4989616E-25
3.008805	4.6394083E-25
3.009305	2.86392E-25
3.009805	1.7639899E-25
3.010305	1.0840969E-25
3.010805	6.6462314E-26
3.0113049	4.0664994E-26
3.0118048	2.4825773E-26
3.0123048	1.5122434E-26
3.0128047	9.191311E-27
3.0133047	5.57404E-27
3.0138047	3.37206E-27
3.0143046	2.035922E-27
3.0148046	1.2264895E-27
3.0153046	7.372306E-28
3.0158045	4.421603E-28
3.0163045	2.646019E-28
3.0168045	1.5799488E-28
3.0173044	9.4107106E-29
3.0178044	5.594299E-29
3.0183043	3.3182253E-29
3.0188043	1.9638253E-29
3.0193043	1.159676E-29
3.0198042	6.8329354E-30
3.0203042	4.0171205E-30
3.0208042	2.3558545E-30
3.0213041	1.3788887E-30
3.021804	8.052797E-31
3.022304	4.692467E-31
3.022804	2.7283024E-31
3.023304	1.5827802E-31
3.023804	9.159507E-32
3.024304	5.2902165E-32
3.0248039	3.0486784E-32
3.0253038	1.7530191E-32
3.4895654	1.752087E-31
3.4896653	3.0494724E-31
3.4897652	5.2888133E-31
3.489865	9.164267E-31
3.489965	1.5823638E-30
3.4900649	2.7297087E-30
3.4901648	4.6924535E-30
3.4902647	8.0486365E-30
3.4903646	1.3792377E-29
3.4904644	2.3552476E-29
3.4905643	4.0181287E-29
3.4906642	6.83119E-29
3.4907641	1.1602568E-28
3.490864	1.9638198E-28
3.490964	3.3165602E-28
3.4910638	5.5956753E-28
3.4911637	9.4083575E-28
3.4912636	1.580334E-27
3.4913635	2.645363E-27
3.4914634	4.423753E-27
3.4915633	7.372287E-27
3.4916632	1.2258924E-26
3.491763	2.0364079E-26
3.491863	3.371242E-26
3.491963	5.575359E-26
3.4920628	9.1891023E-26
3.4921627	1.5129565E-25
3.4922626	2.4825714E-25
3.4923625	4.0645804E-25
3.4924624	6.6477693E-25
3.4925623	1.08359E-24
3.4926622	1.7643945E-24
3.492762	2.8632535E-24
3.492862	4.6415278E-24
3.492962	7.498944E-24
3.4930618	1.2088655E-23
3.4931617	1.9466418E-23
3.4932616	3.124201E-23
3.4933615	5.0086123E-23
3.4934614	8.002863E-23
3.4935613	1.2773043E-22
3.4936612	2.031877E-22
3.493761	3.22507E-22
3.493861	5.1132257E-22
3.4939609	8.0800077E-22
3.4940608	1.2753756E-21
3.4941607	2.0064574E-21
3.4942605	3.15302E-21
3.4943604	4.938484E-21
3.4944603	7.717901E-21
3.4945602	1.2047664E-20
3.4946601	1.8744918E-20
3.49476	2.913115E-20
3.49486	4.5124602E-20
3.4949598	6.9816474E-20
3.4950597	1.0766852E-19
3.4951596	1.6584553E-19
3.4952595	2.5463005E-19
3.4953594	3.9008044E-19
3.4954593	5.9686494E-19
3.4955592	9.103233E-19
3.495659	1.3867177E-18
3.495759	2.1056333E-18
3.495859	3.1933432E-18
3.4959588	4.8274227E-18
3.4960587	7.2815485E-18
3.4961586	1.09696664E-17
3.4962585	1.6473161E-17
3.4963584	2.4706834E-17
3.4964583	3.6938194E-17
3.4965582	5.515518E-17
3.496658	8.2095605E-17
3.496758	1.2192485E-16
3.496858	1.8084634E-16
3.4969578	2.6739734E-16
3.4970577	3.9486172E-16
3.4971576	5.8125603E-16
3.4972575	8.5452723E-16
3.4973574	1.2523434E-15
3.4974573	1.8313005E-15
3.4975572	2.674391E-15
3.497657	3.8934636E-15
3.497757	5.6607233E-15
3.4978569	8.204615E-15
3.4979568	1.1875842E-14
3.4980567	1.7136645E-14
3.4981565	2.4673221E-14
3.4982564	3.5476352E-14
3.4983563	5.0852707E-14
3.4984562	7.2794344E-14
3.4985561	1.038838E-13
3.498656	1.4804777E-13
3.498756	2.1034254E-13
3.4988558	2.981886E-13
3.4989557	4.2213558E-13
3.4990556	5.957869E-13
3.4991555	8.396964E-13
3.4992554	1.179876E-12
3.4993553	1.6555343E-12
3.4994552	2.3159402E-12
3.499555	3.2326236E-12
3.499655	4.505716E-12
3.499755	6.2613313E-12
3.4998548	8.688521E-12
3.4999547	1.2020535E-11
3.5000546	1.6606322E-11
3.5001545	2.2873174E-11
3.5002544	3.1435337E-11
3.5003543	4.3139454E-11
3.5004542	5.902573E-11
3.500554	8.0643305E-11
3.500654	1.09852544E-10
3.5007539	1.494196E-10
3.5008538	2.0263967E-10
3.5009537	2.7420793E-10
3.5010536	3.704967E-10
3.5011535	4.9913146E-10
3.5012534	6.714129E-10
3.5013533	9.0052416E-10
3.5014532	1.2059813E-9
3.501553	1.6103541E-9
3.501653	2.1455606E-9
3.5017529	2.854256E-9
3.5018528	3.786059E-9
3.5019526	5.0142956E-9
3.5020525	6.6218533E-9
3.5021524	8.731172E-9
3.5022523	1.1479347E-8
3.5023522	1.5059152E-8
3.5024521	1.9724247E-8
3.502552	2.5760766E-8
3.502652	3.359148E-8
3.5027518	4.3677982E-8
3.5028517	5.670266E-8
3.5029516	7.340268E-8
3.5030515	9.486876E-8
3.5031514	1.2226631E-7
3.5032513	1.5722769E-7
3.5033512	2.0185858E-7
3.503451	2.5843096E-7
3.503551	3.3031873E-7
3.503651	4.2102275E-7
3.5037508	5.3575303E-7
3.5038507	6.798485E-7
3.5039506	8.60792E-7
3.5040505	1.0880885E-6
3.5041504	1.3715934E-6
3.5042503	1.7260836E-6
3.5043502	2.1661976E-6
3.50445	2.7139697E-6
3.50455	3.3909107E-6
3.5046499	4.227332E-6
3.5047498	5.2611426E-6
3.5048497	6.5298796E-6
3.5049496	8.090762E-6
3.5050495	9.997458E-6
3.5051494	1.2332304E-5
3.5052493	1.5171182E-5
3.5053492	1.86223E-5
3.505449	2.281891E-5
3.505549	2.7885846E-5
3.5056489	3.4018554E-5
3.5057487	4.1388517E-5
3.5058486	5.026693E-5
3.5059485	6.0886563E-5
3.5060484	7.3586685E-5
3.5061483	8.877867E-5
3.5062482	1.06822175E-4
3.5063481	1.2830431E-4
3.506448	1.5369833E-4
3.506548	1.8378897E-4
3.5066478	2.1919083E-4
3.5067477	2.6083388E-4
3.5068476	3.0982838E-4
3.5069475	3.670607E-4
3.5070474	4.3407574E-4
3.5071473	5.1198504E-4
3.5072472	6.0277525E-4
3.507347	7.07819E-4
3.507447	8.2933065E-4
3.507547	9.699128E-4
3.5076468	0.0011313924
3.5077467	0.0013173121
3.5078466	0.0015298341
3.5079465	0.0017733327
3.5080464	0.0020503167
3.5081463	0.0023653223
3.5082462	0.0027235986
3.508346	0.00312815
3.508446	0.0035860043
3.5085459	0.0041004387
3.5086458	0.0046797646
3.5087457	0.0053274403
3.5088456	0.006051344
3.5089455	0.006860447
3.5090454	0.007758196
3.5091453	0.008756525
3.5092452	0.009858598
3.509345	0.01107788
3.509445	0.012416956
3.5095448	0.013887122
3.5096447	0.015501033
3.5097446	0.017259685
3.5098445	0.019180136
3.5099444	0.021261748
3.5100443	0.023522759
3.5101442	0.025960352
3.5102441	0.0285872
3.510344	0.03141722
3.510444	0.03444323
3.5105438	0.03768517
3.5106437	0.04113217
3.5107436	0.0448042
3.5108435	0.048686095
3.5109434	0.0527974
3.5110433	0.057118107
3.5111432	0.061655775
3.511243	0.066418365
3.511343	0.07137781
3.511443	0.07655051
3.5115428	0.0819027
3.5116427	0.08744874
3.5117426	0.09314911
3.5118425	0.099001676
3.5119424	0.105003744
3.5120423	0.11110757
3.5121422	0.11732117
3.512242	0.123592
3.512342	0.12992524
3.5124419	0.13626444
3.5125418	0.14259696
3.5126417	0.14890878
3.5127416	0.15513974
3.5128415	0.16128856
3.5129414	0.16729441
3.5130413	0.17315394
3.5131412	0.1788073
3.513241	0.184237
3.513341	0.18942386
3.5134408	0.19431278
3.5135407	0.19889764
3.5136406	0.20312874
3.5137405	0.2069999
3.5138404	0.21046841
3.5139403	0.21352188
3.5140402	0.21614642
3.5141401	0.21831249
3.51424	0.22001621
3.51434	0.22123827
3.5144398	0.2219764
3.5145397	0.22222222
3.5146396	0.2219764
3.5147395	0.22123827
3.5148394	0.22001621
3.5149393	0.21831249
3.5150392	0.21614642
3.515139	0.21352188
3.515239	0.21046841
3.515339	0.2069999
3.5154388	0.20312874
3.5155387	0.19889764
3.5156386	0.19431278
3.5157385	0.18942386
3.5158384	0.184237
3.5159383	0.1788073
3.5160382	0.17315394
3.516138	0.16729441
3.516238	0.16128856
3.5163379	0.15513974
3.5164378	0.14890878
3.5165377	0.14259696
3.5166376	0.13626444
3.5167375	0.12992524
3.5168374	0.123592
3.5169373	0.11732117
3.5170372	0.11110757
3.517137	0.105003744
3.517237	0.099001676
3.5173368	0.09314911
3.5174367	0.08744874
3.5175366	0.0819027
3.5176365	0.07655051
3.5177364	0.07137781
3.5178363	0.066418365
3.5179362	0.061655775
3.5180361	0.057118107
3.518136	0.0527974
3.518236	0.048686095
3.5183358	0.0448042
3.5184357	0.04113217
3.5185356	0.03768517
3.5186355	0.03444323
3.5187354	0.03141722
3.5188353	0.0285872
3.5189352	0.025960352
3.519035	0.023522759
3.519135	0.021261748
3.519235	0.019180136
3.5193348	0.017259685
3.5194347	0.015501033
3.5195346	0.013887122
3.5196345	0.012416956
3.5197344	0.01107788
3.5198343	0.009858598
3.5199342	0.008756525
3.520034	0.007758196
3.520134	0.006860447
3.5202339	0.006051344
3.5203338	0.0053274403
3.5204337	0.0046797646
3.5205336	0.0041004387
3.5206335	0.0035860043
3.5207334	0.00312815
3.5208333	0.0027235986
3.5209332	0.0023653223
3.521033	0.0020503167
3.521133	0.0017733327
3.5212328	0.0015298341
3.5213327	0.0013173121
3.5214326	0.0011313924
3.5215325	9.699128E-4
3.5216324	8.2933065E-4
3.5217323	7.07819E-4
3.5218322	6.0277525E-4
3.5219321	5.1198504E-4
3.522032	4.3407574E-4
3.522132	3.670607E-4
3.5222318	3.0982838E-4
3.5223317	2.6083388E-4
3.5224316	2.1919083E-4
3.5225315	1.8378897E-4
3.5226314	1.5369833E-4
3.5227313	1.2830431E-4
3.5228312	1.06822175E-4
3.522931	8.877867E-5
3.523031	7.3586685E-5
3.523131	6.0886563E-5
3.5232308	5.026693E-5
3.5233307	4.1388517E-5
3.5234306	3.4018554E-5
3.5235305	2.7885846E-5
3.5236304	2.281891E-5
3.5237303	1.86223E-5
3.5238302	1.5171182E-5
3.52393	1.2332304E-5
3.52403	9.997458E-6
3.5241299	8.090762E-6
3.5242298	6.5298796E-6
3.5243297	5.2611426E-6
3.5244296	4.227332E-6
3.5245295	3.3909107E-6
3.5246294	2.7139697E-6
3.5247293	2.1661976E-6
3.5248291	1.7260836E-6
3.524929	1.3715934E-6
3.525029	1.0880885E-6
3.5251288	8.60792E-7
3.5252287	6.798485E-7
3.5253286	5.3575303E-7
3.5254285	4.2102275E-7
3.5255284	3.3031873E-7
3.5256283	2.5843096E-7
3.5257282	2.0185858E-7
3.5258281	1.5722769E-7
3.525928	1.2226631E-7
3.526028	9.486876E-8
3.5261278	7.340268E-8
3.5262277	5.670266E-8
3.5263276	4.3677982E-8
3.5264275	3.359148E-8
3.5265274	2.5760766E-8
3.5266273	1.9724247E-8
3.5267272	1.5059152E-8
3.526827	1.1479347E-8
3.526927	8.731172E-9
3.527027	6.6218533E-9
3.5271268	5.0142956E-9
3.5272267	3.786059E-9
3.5273266	2.854256E-9
3.5274265	2.1455606E-9
3.5275264	1.6103541E-9
3.5276263	1.2059813E-9
3.5277262	9.0052416E-10
3.527826	6.714129E-10
3.527926	4.9913146E-10
3.5280259	3.704967E-10
3.5281258	2.7420793E-10
3.5282257	2.0263967E-10
3.5283256	1.494196E-10
3.5284255	1.09852544E-10
3.5285254	8.0643305E-11
3.5286252	5.902573E-11
3.5287251	4.3139454E-11
3.528825	3.1435337E-11
3.528925	2.2873174E-11
3.5290248	1.6606322E-11
3.5291247	1.2020535E-11
3.5292246	8.688521E-12
3.5293245	6.2613313E-12
3.5294244	4.505716E-12
3.5295243	3.2326236E-12
3.5296242	2.3159402E-12
3.5297241	1.6555343E-12
3.529824	1.179876E-12
3.529924	8.396964E-13
3.5300238	5.957869E-13
3.5301237	4.2213558E-13
3.5302236	2.981886E-13
3.5303235	2.1034254E-13
3.5304234	1.4804777E-13
3.5305233	1.038838E-13
3.5306232	7.2794344E-14
3.530723	5.0852707E-14
3.530823	3.5476352E-14
3.530923	2.4673221E-14
3.5310228	1.7136645E-14
3.5311227	1.1875842E-14
3.5312226	8.204615E-15
3.5313225	5.6607233E-15
3.5314224	3.8934636E-15
3.5315223	2.674391E-15
3.5316222	1.8313005E-15
3.531722	1.2523434E-15
3.531822	8.5452723E-16
3.5319219	5.8125603E-16
3.5320218	3.9486172E-16
3.5321217	2.6739734E-16
3.5322216	1.8084634E-16
3.5323215	1.2192485E-16
3.5324214	8.2095605E-17
3.5325212	5.515518E-17
3.5326211	3.6938194E-17
3.532721	2.4706834E-17
3.532821	1.6473161E-17
3.5329208	1.09696664E-17
3.5330207	7.2815485E-18
3.5331206	4.8274227E-18
3.5332205	3.1933432E-18
3.5333204	2.1056333E-18
3.5334203	1.3867177E-18
3.5335202	9.103233E-19
3.53362	5.9686494E-19
3.53372	3.9008044E-19
3.53382	2.5463005E-19
3.5339198	1.6584553E-19
3.5340197	1.0766852E-19
3.5341196	6.9816474E-20
3.5342195	4.5124602E-20
3.5343194	2.913115E-20
3.5344193	1.8744918E-20
3.5345192	1.2047664E-20
3.534619	7.717901E-21
3.534719	4.938484E-21
3.534819	3.15302E-21
3.5349188	2.0064574E-21
3.5350187	1.2753756E-21
3.5351186	8.0800077E-22
3.5352185	5.1132257E-22
3.5353184	3.22507E-22
3.5354183	2.031877E-22
3.5355182	1.2773043E-22
3.535618	8.002863E-23
3.535718	5.0086123E-23
3.5358179	3.124201E-23
3.5359178	1.9466418E-23
3.5360177	1.2088655E-23
3.5361176	7.498944E-24
3.5362175	4.6415278E-24
3.5363173	2.8632535E-24
3.5364172	1.7643945E-24
3.5365171	1.08359E-24
3.536617	6.6477693E-25
3.536717	4.0645804E-25
3.5368168	2.4825714E-25
3.5369167	1.5129565E-25
3.5370166	9.1891023E-26
3.5371165	5.575359E-26
3.5372164	3.371242E-26
3.5373163	2.0364079E-26
3.5374162	1.2258924E-26
3.537516	7.372287E-27
3.537616	4.423753E-27
3.537716	2.645363E-27
3.5378158	1.580334E-27
3.5379157	9.4083575E-28
3.5380156	5.5956753E-28
3.5381155	3.3165602E-28
3.5382154	1.9638198E-28
3.5383153	1.1602568E-28
3.5384152	6.83119E-29
3.538515	4.0181287E-29
3.538615	2.3552476E-29
3.538715	1.3792377E-29
3.5388148	8.0486365E-30
3.5389147	4.6924535E-30
3.5390146	2.7297087E-30
3.5391145	1.5823638E-30
3.5392144	9.164267E-31
3.5393143	5.2888133E-31
3.5394142	3.0494724E-31
3.539514	1.752087E-31
15.0	0.0